15285
329411
202333
543625
83951
38117
456674
1366075
13910
368510
233533
702248
934379
263728
127458
478211
171795
138457
27453
11756
604289
1812398
38756
1565696
227972
437843
1163147
351725
825109
207792
331304
784732
1586983
914755
1324877
619054
167740
2656853
2097825
609035
662348
458067
131909
877841
92941
2363457
1293226
1016922
359688
1284857
658279
377487
1100604
218837
678092
896876
464573
55638
317465
946659
386004
794806
1181352
327897
1044457
435686
24512
410100
1587515
622971
602350
1007845
20956
29410
186158
586869
1995369
70967
38310
360188
31907
175278
781411
1180178
16652
119433
308223
80280
122879
1224141
722009
441178
242536
31409
244875
176238
173330
157208
196574
1900554
954766
225204
866119
962830
423219
293659
461046
428652
14448
776498
2625643
1222029
371212
671602
102395
349067
537279
55668
491440
147924
654131
202788
438957
818141
38292
4711
671840
230427
478653
197223
260508
55275
110299
1092409
56518
11055
114864
708860
432081
130581
940557
189566
420943
266065
396592
131055
71692
119644
641618
536245
763697
106315
579753
396122
578750
122583
1256177
113848
398785
114481
383444
990694
610841
1941540
215952
195548
94423
854359
1109151
3072431
94255
247638
455122
398745
82756
1278765
189185
261429
619427
315318
307338
186410
128856
1245364
933657
553664
1179654
257038
199290
86872
439516
453633
1016363
1082300
1102258
261371
618767
504965
63018
2107776
259832
227651
311791
321820
285013
2829025
98456
1386386
46823
856886
1136862
277273
430918
1750780
898847
34468
704963
39583
395799
1452098
471203
516975
1587556
188388
643769
53824
1284229
1339721
67778
696045
628965
262562
60424
730245
627823
482801
571246
948443
800371
794842
145899
149137
58876
47115
195043
946140
1378172
157295
628191
366466
2005183
53950
2252203
1124638
721112
371418
32840
738847
543513
2212243
99066
1561006
140845
20839
1199951
275413
639374
3329205
942115
201358
1651968
1068658
406735
75756
385513
280196
4375827
938325
231208
361980
697550
1770689
221766
732426
437948
417477
99007
339980
31310
926030
584149
297442
1531444
930953
206597
1091261
152502
143677
623885
321370
545411
504443
501401
201799
268168
143017
673563
750269
862374
18336
69076
26642
740757
211046
192292
192372
51415
409523
110244
669676
389889
784293
1017235
752066
225535
681416
463757
768200
144582
54387
756830
505376
1111184
479268
1447923
261637
341066
10467
201915
1052782
521095
2941141
247079
941937
289681
2363982
607869
28946
854981
1051537
611898
120361
687419
60809
1287702
3473822
508004
182523
2918308
285453
928484
496438
2267808
293276
388723
88183
1701959
859254
674222
1051751
486509
1111065
135206
288599
67652
1328323
314396
773435
45329
1229361
453062
100528
1165949
628075
312205
208303
283202
1541856
895588
1315602
1514302
254279
2958572
209474
361243
131298
175579
495422
95489
34722
72374
28922
1201872
928335
508936
70951
2514153
1050362
1018476
1025696
306010
1000552
1369627
31828
298852
286370
628035
1093913
1298540
570825
310785
421422
639902
2424969
263575
121919
59136
632975
80392
289859
664833
742157
1721178
1687052
1258780
866077
1064986
263281
256785
395084
141885
926542
1945274
985289
2667884
538785
897904
389255
797523
290834
921155
292439
1469699
786796
109189
165858
3378552
529837
1048924
392735
818295
283741
518325
637804
312961
1022490
363662
1646350
1791991
553084
52990
1010586
1493166
1327931
1167605
197197
348816
379008
439676
83354
2067603
1950871
513553
1758014
1178270
897901
314016
541670
249220
243688
358225
118363
163293
323172
2241564
526496
30905
206221
22032
318828
114127
642228
496464
697514
385992
508950
378035
620390
1487780
91594
1158887
783966
356481
362526
35711
887359
366890
18185
67087
256628
414510
486996
320300
272879
8759
778078
752348
574959
511871
418496
167575
320810
381395
889480
1014807
758909
322064
228118
726399
386615
631702
514223
367184
1544845
178592
199461
193638
1332192
917911
45483
428010
809621
682686
183252
858112
1028922
438912
896201
738008
1834494
960204
380101
72379
821798
164410
488399
46754
1127233
73574
1513623
330404
1680463
23441
104820
528043
397904
178874
599138
1148542
85988
474547
382185
91640
155951
7785
432081
350887
162839
358433
1157459
119696
1814
187031
872680
386682
910935
401743
348011
132893
1144402
159139
68574
54339
133527
377828
1027844
219650
874904
3871761
308949
576186
296591
102414
2312663
759988
514229
1254341
178857
48752
11695
427643
1175021
600425
40451
1403950
1105241
301454
97253
530311
321734
827736
1647646
770348
146268
725006
113754
31519
1736604
16093
284085
246832
655880
789168
23883
843922
710264
2456901
376852
101933
991842
2949542
1186887
1642296
199370
964812
314849
149184
625123
103218
1564788
237168
717391
16330
79285
2153257
673585
2155826
67475
1139508
272275
1209526
324896
97028
903021
114754
479430
348266
277857
180600
2063689
194348
40415
563308
1278050
389830
726214
334077
213324
961340
900549
1492283
56695
201292
338099
219582
325761
29118
403485
623283
37291
1518930
214967
1016073
1209148
39820
269343
716191
143664
262191
129261
642240
28120
1043082
248367
1091017
626539
96806
620715
1319524
14366
18416
886593
1596465
2766636
442691
1071510
1320864
2015601
157591
535292
346090
104619
183748
817667
36196
810035
1188105
190859
351588
134341
562093
3013607
951795
14942
585395
460835
765526
202488
453464
1569072
77576
573449
274691
6039
225395
233152
611741
794954
2088890
247354
600554
78595
148712
777339
44902
296967
87156
2151629
673354
19271
122528
744540
2122
300281
47194
240087
251843
875498
725659
668771
1109706
365104
449915
1255636
400253
583367
551604
150723
794612
792876
257588
437146
413718
206462
274562
1364130
2251819
336346
775565
804226
470171
2171
707238
214939
110560
246537
1081230
1619243
600999
187637
266999
622273
497550
605638
716902
446803
727129
231500
709317
784816
765699
14283
113822
144016
473119
449
1678666
406756
344175
228525
975476
964774
1253349
167691
220501
293573
1399710
829644
877290
1655903
1588821
55014
2721953
304651
301555
104223
48112
1097218
36060
18763
289882
728664
215869
460766
36181
620833
52561
601263
230809
107828
453043
678377
1098037
2532204
134654
261200
759861
250288
336424
162565
96405
153273
397666
451301
1007808
220393
207084
332128
1255045
799274
458395
620342
1382801
381727
24127
93282
392281
1780679
3069695
507541
179281
1007494
470585
327180
353477
936794
413227
285430
388906
615145
156751
423093
109564
1482244
362370
290196
187140
329540
152725
115467
64418
997128
17081
152380
657632
65690
819514
309236
266509
1019171
119693
1754880
403733
1089461
255639
2260261
380602
243487
517240
2233743
152358
213089
475121
691934
154818
671107
133799
348822
2182762
350517
204797
107879
294912
706471
634820
109808
452369
99648
20465
406983
629926
230495
219013
767946
460203
757989
695721
689257
88806
291382
256729
172188
875818
263152
1203774
2556
675157
318895
175338
534276
203624
260691
359796
390649
237001
214884
34942
826953
151216
47855
1288959
499005
23690
548696
835940
8220
376902
510208
306247
1045954
485828
766872
246410
2260408
537983
1836891
68012
697067
60275
783070
